483
972
672
665
751
567
236
468
19
425
795
220
481
233
187
366
696
796
189
165
436
312
875
355
393
104
744
956
171
752
960
969
429
451
119
741
250
905
600
506
389
708
648
570
575
476
844
507
485
2
91
558
212
306
591
433
994
140
560
185
674
869
830
515
172
27
235
377
522
631
907
874
740
944
639
3
263
378
411
341
801
22
110
915
203
455
773
695
44
883
623
426
59
546
548
545
711
196
867
246
151
403
815
269
810
473
346
139
72
603
716
374
4
373
227
840
843
634
581
764
791
814
194
837
200
975
214
461
993
521
555
299
95
154
64
811
428
540
278
365
995
959
397
668
645
258
782
143
370
296
293
446
375
703
798
667
297
107
311
745
743
699
392
34
500
625
291
685
351
980
65
598
644
758
274
767
270
891
611
753
384
934
37
853
323
406
583
89
746
358
565
949
850
763
209
111
775
983
676
722
56
917
128
962
851
335
443
909
23
281
635
669
88
860
344
736
155
253
361
364
754
582
221
841
578
833
182
180
127
213
26
923
474
222
329
423
260
356
362
589
399
318
381
115
138
302
466
819
159
657
718
54
792
832
40
759
977
612
32
447
73
223
719
534
533
776
401
976
800
493
898
63
602
518
978
614
376
826
17
951
80
608
928
700
779
201
388
371
621
757
5
747
267
261
886
94
85
596
135
216
816
701
836
363
38
273
640
924
414
530
742
479
345
163
513
265
336
626
988
317
654
731
553
889
112
783
576
781
892
713
666
188
872
190
845
554
597
508
823
228
688
164
326
275
161
244
788
354
113
55
166
90
998
225
47
395
169
769
353
702
717
517
557
996
7
813
148
692
620
413
240
756
144
86
405
899
646
624
542
472
932
13
739
957
870
803
588
712
147
504
35
748
689
694
359
502
724
675
114
120
230
208
628
284
641
755
968
954
873
76
226
698
20
632
877
528
680
664
727
33
383
204
218
475
407
894
243
285
916
979
524
733
257
735
964
671
328
105
660
938
28
195
682
599
340
601
679
594
232
349
272
489
958
471
478
153
162
181
210
239
778
537
511
579
133
728
43
277
786
999
457
831
404
157
184
991
817
238
255
125
322
723
402
156
862
971
714
352
191
217
982
858
242
178
450
16
636
687
729
145
911
68
320
835
1000
940
97
651
11
307
604
879
794
205
519
324
577
725
45
807
458
846
79
152
615
616
683
482
313
25
192
887
761
818
857
569
316
986
619
49
71
497
595
247
512
248
686
484
387
661
496
452
177
937
327
206
544
385
304
910
438
39
659
15
98
42
720
445
642
903
266
541
805
70
101
913
102
333
697
99
398
637
264
613
525
167
953
649
950
854
543
806
332
802
726
427
108
442
948
585
539
586
53
510
630
793
609
681
912
821
790
394
690
321
834
491
197
516
566
334
885
369
130
691
46
338
412
973
202
930
777
66
732
538
470
279
559
367
574
58
126
563
974
943
271
449
441
618
866
245
987
116
276
523
251
572
494
486
765
459
224
890
880
237
922
303
590
656
409
967
48
970
868
315
643
963
787
707
280
992
289
415
282
308
856
463
41
499
314
809
822
737
966
109
902
893
498
705
709
382
547
309
663
820
658
931
84
432
480
848
929
584
762
82
706
627
824
408
424
29
124
396
434
920
460
418
847
859
150
710
254
549
160
896
927
357
87
871
490
77
772
828
380
319
946
348
435
580
330
908
509
501
30
721
531
129
343
36
622
122
431
300
69
925
985
136
142
454
292
103
467
78
259
989
918
386
462
799
935
829
146
653
9
812
456
444
730
421
749
170
684
673
942
141
947
839
67
921
229
256
50
168
503
234
864
771
804
347
897
57
198
678
629
287
121
430
514
587
118
939
18
981
605
492
650
186
750
268
536
768
158
301
132
997
838
262
529
842
704
24
350
926
241
551
437
884
310
488
863
919
535
100
881
60
865
505
207
593
173
81
734
283
825
298
183
495
439
797
677
193
760
131
331
92
96
379
780
556
606
31
422
134
933
469
123
215
453
571
592
965
617
662
12
655
231
83
176
852
52
448
715
766
961
610
888
305
420
849
770
647
568
561
532
573
174
936
417
252
652
93
827
477
219
464
400
861
211
325
6
906
855
106
638
984
526
8
288
465
900
785
550
21
117
249
360
14
294
337
487
878
342
61
440
955
62
882
391
290
520
410
562
419
51
876
914
286
693
416
552
808
295
952
372
368
10
339
199
945
149
607
738
179
990
670
137
564
789
1
941
774
633
175
895
904
390
901
527
75
74
784
