1931
1366
1384
1474
1678
1815
1197
1868
1096
1529
1592
1849
1952
1045
1545
1820
1604
1711
1463
1472
1689
1431
1304
1802
1408
1997
1079
1789
1391
1185
1531
1879
1799
1695
1456
1386
1240
1617
1154
1220
1578
1588
1884
1285
1917
1733
1841
1030
1084
1890
1980
1603
1399
1060
1022
1232
1944
1637
1252
1421
1620
1784
1097
1661
1686
1242
1272
1612
1947
1813
1942
1303
1396
1994
1908
1507
1402
1988
1003
1088
1654
1580
1316
1657
1838
1187
1513
1547
1458
1008
1866
1275
1471
1945
1202
1479
1436
1156
1136
1667
1858
1921
1971
1975
1898
1086
1228
1181
1424
1207
1236
1920
1475
1377
1703
1157
1956
1894
1723
1742
1822
1786
1903
1776
1826
1445
1843
1058
1623
1524
1996
1941
1040
1131
1441
1350
1582
1538
1464
1508
1601
1953
1026
1368
1774
1223
1797
1821
1019
1518
1827
1596
1270
1553
1315
1560
1635
1342
1333
1160
1503
1205
1600
1064
1433
1636
1567
1414
1027
1574
1186
1824
1204
1444
1289
1454
1217
1101
1469
1566
1448
1134
1783
1627
1656
1761
1470
1705
1070
1210
1664
1434
1556
1017
1277
1419
1511
1968
1265
1115
1702
1928
1655
1379
1278
1318
1375
1583
1609
1490
1679
1794
1349
1437
1731
1415
1219
1972
1983
1590
1778
1741
1969
1939
1775
1730
1621
1459
1936
1183
1257
1512
1301
1640
1958
1418
1788
1453
1198
1987
1287
1803
1180
1367
1069
1541
1859
1692
1669
1126
1618
1034
1234
1398
1792
1080
1247
1926
1007
1853
1564
1902
1481
1279
1660
1943
1857
1381
1964
1226
1666
1116
1854
1426
1184
1995
1554
1168
1672
1551
1691
1254
1683
1094
1238
1796
1192
1844
1107
1721
1573
1579
1283
1221
1594
1765
1817
1732
1718
1225
1395
1477
1539
1922
1608
1039
1286
1452
1852
1313
1397
1634
1085
1004
2000
1704
1284
1735
1726
1552
1957
1645
1110
1235
1973
1035
1053
1075
1352
1139
1613
1793
1161
1598
1104
1696
1787
1142
1460
1500
1036
1562
1011
1526
1816
1423
1569
1722
1978
1443
1840
1833
1093
1707
1290
1440
1138
1514
1031
1901
1206
1685
1929
1429
1558
1549
1376
1839
1665
1818
1639
1364
1209
1837
1896
1772
1610
1847
1701
1354
1873
1933
1158
1544
1336
1540
1024
1889
1182
1974
1033
1174
1416
1643
1674
1400
1114
1153
1585
1211
1918
1937
1619
1886
1331
1099
1712
1327
1106
1622
1680
1698
1985
1446
1532
1353
1294
1699
1293
1091
1767
1055
1959
1345
1216
1082
1159
1066
1118
1746
1320
1586
1385
1389
1427
1527
1125
1865
1029
1716
1335
1762
1631
1259
1121
1708
1038
1296
1932
1109
1715
1878
1963
1172
1882
1864
1028
1334
1323
1845
1690
1561
1757
1166
1737
1533
1108
1012
1339
1543
1897
1515
1319
1250
1087
1306
1991
1738
1986
1568
1325
1830
1417
1241
1077
1887
1098
1646
1113
1309
1951
1231
1371
1263
1359
1907
1642
1616
1872
1215
1173
1388
1630
1557
1328
1851
1785
1130
1358
1222
1535
1520
1946
1877
1965
1855
1274
1880
1190
1831
1876
1693
1203
1923
1626
1993
1992
1018
1810
1049
1724
1280
1758
1195
1684
1700
1819
1766
1919
1835
1264
1442
1054
1912
1846
1904
1132
1050
1525
1966
1871
1720
1067
1624
1563
1719
1025
1753
1930
1950
1572
1671
1650
1970
1509
1149
1748
1875
1251
1046
1299
1023
1888
1224
1245
1777
1516
1910
1491
1267
1488
1506
1493
1405
1341
1895
1314
1750
1998
1253
1229
1860
1510
1870
1807
1675
1233
1883
1002
1177
1754
1709
1790
1409
1555
1243
1495
1212
1809
1432
1288
1164
1948
1194
1124
1756
1861
1595
1300
1193
1967
1644
1954
1836
1682
1450
1801
1311
1911
1152
1736
1227
1310
1940
1984
1779
1648
1451
1201
1714
1484
1812
1016
1676
1127
1602
1078
1112
1607
1791
1332
1494
1261
1804
1120
1498
1501
1589
1628
1934
1597
1014
1462
1297
1729
1499
1697
1899
1403
1089
1302
1752
1052
1614
1769
1913
1641
1123
1581
1468
1271
1348
1015
1365
1383
1881
1401
1137
1020
1649
1044
1262
1611
1768
1577
1465
1165
1056
1981
1076
1976
1148
1135
1863
1413
1355
1466
1652
1537
1382
1798
1447
1550
1534
1144
1071
1745
1361
1632
1662
1885
1188
1105
1407
1146
1281
1255
1749
1492
1739
1759
1360
1625
1905
1659
1694
1925
1530
1476
1059
1394
1977
1321
1380
1167
1521
1230
1387
1486
1717
1256
1005
1814
1584
1763
1063
1485
1935
1425
1292
1916
1189
1673
1404
1298
1755
1200
1688
1461
1653
1517
1430
1806
1850
1962
1505
1449
1073
1351
1478
1068
1081
1559
1546
1373
1770
1374
1519
1842
1239
1487
1647
1072
1734
1322
1740
1781
1062
1330
1743
1764
1536
1548
1979
1246
1906
1308
1570
1369
1542
1473
1307
1150
1497
1800
1346
1439
1805
1338
1658
1999
1681
1780
1467
1713
1728
1914
1249
1990
1480
1829
1502
1273
1710
1378
1021
1199
1317
1102
1393
1295
1938
1357
1751
1103
1834
1725
1119
1043
1047
1013
1706
1140
1924
1344
1356
1773
1305
1771
1747
1927
1483
1155
1856
1892
1343
1117
1051
1162
1677
1406
1347
1032
1504
1915
1145
1900
1191
1258
1438
1260
1392
1599
1909
1390
1808
1489
1727
1410
1141
1629
1169
1989
1083
1074
1651
1587
1663
1960
1411
1213
1128
1170
1955
1869
1457
1591
1482
1615
1744
1282
1163
1244
1326
1528
1522
1605
1133
1633
1670
1455
1523
1266
1372
1668
1893
1179
1874
1828
1825
1638
1848
1329
1037
1422
1176
1041
1111
1048
1862
1214
1363
1178
1090
1565
1420
1291
1151
1949
1057
1006
1606
1122
1269
1100
1687
1092
1218
1593
1337
1823
1208
1312
1147
1268
1042
1575
1571
1196
1362
1010
1576
1001
1009
1276
1760
1237
1065
1248
1129
1428
1370
1795
1435
1811
1171
1340
1175
1782
1832
1496
1891
1095
1412
1982
1867
1324
1143
1061
1961
